0.000000	1.000000	
1.041030	2.000000	
1.089980	3.000000	
1.098510	4.000000	
1.144620	5.000000	
1.147460	6.000000	
1.155990	7.000000	
1.164520	8.000000	
1.234930	9.000000	
1.235540	10.000000	
1.236140	11.000000	
1.236750	12.000000	
1.237360	13.000000	
1.237970	14.000000	
1.245660	15.000000	
1.254830	16.000000	
1.289820	17.000000	
1.413740	18.000000	
1.414350	19.000000	
1.414960	20.000000	
1.415570	20.050000	
1.416180	20.100000	
1.416780	20.150000	
1.417390	20.199000	
1.418000	20.249000	
1.418610	20.298000	
1.419220	20.347000	
1.419820	20.397000	
1.420430	20.446000	
1.421040	20.494000	
1.421650	20.543000	
1.422260	20.592000	
1.425120	20.641000	
1.433650	20.689000	
1.469660	20.737000	
1.488650	20.786000	
1.491060	20.834000	
1.491660	20.882000	
1.515440	20.930000	
1.516700	20.977000	
1.746700	1.000000	
1.914270	2.000000	
1.914880	3.000000	
1.915490	4.000000	
1.916100	5.000000	
1.916700	6.000000	
1.917310	7.000000	
1.917920	8.000000	
1.918530	9.000000	
1.919140	10.000000	
1.919740	10.100000	
1.920350	10.199000	
1.920960	10.297000	
1.921570	10.394000	
1.922180	10.490000	
1.922780	10.586000	
1.923390	10.680000	
1.924000	10.774000	
1.924610	10.867000	
1.925220	10.959000	
1.925820	11.050000	
2.385820	1.000000	
2.473180	2.000000	
2.473780	3.000000	
2.474390	4.000000	
2.475000	5.000000	
2.475610	5.200000	
2.476220	5.392000	
2.476820	5.578000	
2.477430	5.757000	
2.478040	5.931000	
2.478650	6.099000	
2.479260	6.263000	
2.479860	6.423000	
2.480470	6.579000	
2.666160	6.731000	
2.666770	6.879000	
2.667380	7.025000	
2.667980	7.167000	
2.668590	7.306000	
2.670240	7.443000	
2.678770	7.578000	
2.714270	7.710000	
2.723950	7.839000	
2.733870	7.967000	
2.735130	8.092000	
2.790790	8.216000	
2.791400	8.338000	
2.792010	8.458000	
2.792620	8.576000	
2.793220	8.693000	
2.793830	8.808000	
2.801520	8.921000	
2.810700	9.033000	
2.890270	9.144000	
2.890880	9.253000	
2.891490	9.361000	
2.892100	9.468000	
2.892700	9.574000	
2.893310	9.678000	
2.893920	9.782000	
2.901650	9.884000	
2.910180	9.985000	
2.989240	10.085000	
2.989850	10.184000	
2.990460	10.282000	
2.991060	10.380000	
2.991670	10.476000	
2.992280	10.572000	
2.992890	10.666000	
3.000620	10.760000	
3.009140	10.853000	
3.096870	10.945000	
3.097480	11.036000	
3.098090	11.127000	
3.098700	11.217000	
3.099300	11.306000	
3.099910	11.394000	
3.100520	11.482000	
3.101130	11.569000	
3.108250	11.656000	
3.116780	11.741000	
3.152280	11.827000	
3.161550	11.911000	
3.236150	11.995000	
3.236760	12.079000	
3.237370	12.161000	
3.237980	12.244000	
3.238580	12.325000	
3.239190	12.406000	
3.239800	12.487000	
3.240410	12.567000	
3.241020	12.647000	
3.244620	12.726000	
3.253150	12.804000	
3.291050	12.882000	
3.301890	12.960000	
3.302500	13.037000	
3.401120	13.114000	
3.401730	13.190000	
3.402340	13.266000	
3.402940	13.341000	
3.403550	13.416000	
3.404160	13.491000	
3.404770	13.565000	
3.405380	13.639000	
3.405980	13.712000	
3.406590	13.785000	
3.407200	13.857000	
3.410780	13.930000	
3.419300	14.001000	
3.464540	14.073000	
3.465800	14.144000	
3.589920	14.215000	
3.590530	14.285000	
3.591140	14.355000	
3.591740	14.425000	
3.592350	14.494000	
3.592960	14.563000	
3.593570	14.632000	
3.594180	14.700000	
3.594780	14.768000	
3.595390	14.836000	
3.596000	14.903000	
3.596610	14.970000	
3.597220	15.037000	
3.597820	15.103000	
3.644680	15.170000	
3.751650	15.236000	
3.752260	15.301000	
3.752860	15.367000	
3.753470	15.432000	
3.754080	15.496000	
3.754690	15.561000	
3.755300	15.625000	
3.755900	15.689000	
3.756510	15.753000	
3.757120	15.816000	
3.757730	15.880000	
3.758340	15.943000	
3.758940	16.005000	
3.763020	16.068000	
3.771550	16.130000	
3.806410	16.192000	
3.921410	16.254000	
3.922020	16.315000	
3.922620	16.377000	
3.923230	16.438000	
3.923840	16.499000	
3.924450	16.559000	
3.925060	16.620000	
3.925660	16.680000	
3.926270	16.740000	
3.926880	16.799000	
3.927490	16.859000	
3.928100	16.918000	
3.928700	16.977000	
3.929310	17.036000	
3.932780	17.095000	
3.941300	17.153000	
3.977840	17.212000	
4.106620	17.270000	
4.107220	17.328000	
4.107830	17.385000	
4.108440	17.443000	
4.109050	17.500000	
4.109660	17.557000	
4.110260	17.614000	
4.110870	17.671000	
4.111480	17.728000	
4.112090	17.784000	
4.112700	17.840000	
4.113300	17.896000	
4.113910	17.952000	
4.114520	18.008000	
4.115130	18.064000	
4.115740	18.119000	
4.121900	18.174000	
4.288100	18.229000	
4.288700	18.284000	
4.289310	18.339000	
4.289920	18.393000	
4.290530	18.448000	
4.291140	18.502000	
4.291740	18.556000	
4.292350	18.610000	
4.292960	18.664000	
4.293570	18.717000	
4.294180	18.771000	
4.294780	18.824000	
4.295390	18.877000	
4.296000	18.930000	
4.296610	18.983000	
4.297220	19.035000	
4.297820	19.088000	
4.301500	19.140000	
4.342860	19.193000	
4.352780	19.245000	
4.491700	19.297000	
4.492310	19.348000	
4.492920	19.400000	
4.493530	19.452000	
4.494140	19.503000	
4.494740	19.554000	
4.495350	19.606000	
4.495960	19.657000	
4.496570	19.707000	
4.497180	19.758000	
4.497780	19.809000	
4.498390	19.859000	
4.499000	19.910000	
4.499610	19.960000	
4.500220	20.010000	
4.500820	20.060000	
4.501430	20.110000	
4.503080	20.159000	
4.511610	20.209000	
4.546460	20.259000	
4.555740	20.308000	
4.565010	20.357000	
4.780650	20.406000	
4.781260	20.455000	
4.781860	20.504000	
4.782470	20.553000	
4.783080	20.602000	
4.783690	20.650000	
4.784300	20.699000	
4.784900	20.747000	
4.785510	20.795000	
4.786120	20.843000	
4.786730	20.891000	
4.787340	20.939000	
4.787940	20.987000	
4.788550	21.034000	
4.789160	21.082000	
4.789770	21.129000	
4.790380	21.177000	
4.790980	21.224000	
4.791590	21.271000	
4.792200	21.318000	
5.018360	21.365000	
5.018970	21.412000	
5.019580	21.458000	
5.020180	21.505000	
5.021540	21.552000	
5.022140	21.598000	
5.022750	21.644000	
5.023360	21.690000	
5.023970	21.737000	
5.024580	21.783000	
5.025180	21.829000	
5.025790	21.874000	
5.026400	21.920000	
5.027010	21.966000	
5.027620	22.011000	
5.028220	22.057000	
5.028830	22.102000	
5.029440	22.147000	
5.030050	22.192000	
5.030660	22.237000	
5.540660	1.000000	
10.548950	2.000000	
10.597900	3.000000	
10.606430	4.000000	
10.652540	5.000000	
10.655380	5.200000	
10.663910	5.392000	
10.672440	5.578000	
10.707940	5.757000	
10.718010	5.931000	
10.718620	6.099000	
10.727070	6.263000	
10.737910	6.423000	
10.766040	6.579000	
10.766960	6.731000	
10.811580	6.879000	
10.812180	7.025000	
10.812790	7.167000	
10.814290	7.306000	
10.822950	7.443000	
10.831480	7.578000	
10.866340	7.710000	
10.902620	7.839000	
10.903230	7.967000	
10.903840	8.092000	
10.904450	8.216000	
10.905060	8.338000	
10.913860	8.458000	
10.922530	8.576000	
10.958540	8.693000	
10.969620	8.808000	
10.970870	8.921000	
11.037580	9.033000	
11.038190	9.144000	
11.038800	9.253000	
11.039400	9.361000	
11.040010	9.468000	
11.040620	9.574000	
11.041230	9.678000	
11.057480	9.782000	
11.093260	9.884000	
11.095060	9.985000	
11.127840	10.085000	
11.457840	1.000000	
12.330580	2.000000	
12.331180	2.500000	
12.331790	2.900000	
12.332400	3.245000	
12.333010	3.553000	
12.333620	3.834000	
12.334220	4.095000	
12.334830	4.339000	
12.335440	4.570000	
12.336050	4.789000	
12.572210	4.998000	
12.572820	5.198000	
12.573420	5.390000	
12.574030	5.576000	
12.574640	5.755000	
12.575250	5.929000	
12.636750	6.097000	
12.637360	6.261000	
12.638820	6.421000	
12.647350	6.577000	
12.656660	6.729000	
12.701980	6.877000	
12.703360	7.023000	
12.703970	7.165000	
12.719060	7.305000	
12.721100	7.442000	
12.777060	7.576000	
12.777670	7.708000	
12.778280	7.838000	
12.778890	7.965000	
12.779500	8.091000	
12.787110	8.215000	
12.795780	8.336000	
12.871260	8.456000	
12.871860	8.574000	
12.872470	8.691000	
12.873080	8.806000	
12.873690	8.920000	
12.874300	9.032000	
12.879770	9.143000	
12.888940	9.252000	
12.983760	9.360000	
12.984370	9.467000	
12.984980	9.572000	
12.985580	9.677000	
12.986190	9.780000	
12.986800	9.883000	
12.987410	9.984000	
12.988020	10.084000	
12.991420	10.183000	
13.039300	10.281000	
13.048570	10.379000	
13.110200	10.475000	
13.110810	10.570000	
13.111420	10.665000	
13.112020	10.759000	
13.112630	10.852000	
13.113240	10.944000	
13.113850	11.035000	
13.114460	11.126000	
13.121440	11.216000	
13.138400	11.305000	
13.378400	1.000000	
13.479570	2.000000	
13.480180	3.000000	
13.480790	4.000000	
13.481400	5.000000	
13.482000	5.200000	
13.482610	5.392000	
13.483220	5.578000	
13.483830	5.757000	
13.484440	5.931000	
13.485040	6.099000	
13.485650	6.263000	
13.748750	6.423000	
13.749360	6.579000	
13.749960	6.731000	
13.750570	6.879000	
13.751180	7.025000	
13.751790	7.167000	
13.752400	7.306000	
13.753000	7.443000	
13.831360	7.578000	
13.831960	7.710000	
13.832570	7.839000	
13.833180	7.967000	
13.833790	8.092000	
13.842080	8.216000	
13.851260	8.338000	
13.921800	8.458000	
13.922410	8.576000	
13.923020	8.693000	
13.923630	8.808000	
13.924240	8.921000	
13.924840	9.033000	
13.932530	9.144000	
13.941710	9.253000	
14.019760	9.361000	
14.020360	9.468000	
14.020970	9.574000	
14.021580	9.678000	
14.022190	9.782000	
14.022800	9.884000	
14.023400	9.985000	
14.031000	10.085000	
14.039660	10.184000	
14.075940	10.282000	
14.085630	10.380000	
14.086880	10.476000	
14.158990	10.572000	
14.159600	10.666000	
14.160200	10.760000	
14.160810	10.853000	
14.161420	10.945000	
14.162030	11.036000	
14.162640	11.127000	
14.163240	11.217000	
14.170360	11.306000	
14.178890	11.394000	
14.222550	11.482000	
14.224440	11.569000	
14.341230	11.656000	
14.341840	11.741000	
14.342440	11.827000	
14.343050	11.911000	
14.343660	11.995000	
14.344270	12.079000	
14.344880	12.161000	
14.345480	12.244000	
14.346090	12.325000	
14.346700	12.406000	
14.347310	12.487000	
14.422490	12.567000	
14.423750	12.647000	
14.425000	12.726000	
14.425750	12.804000	
14.426360	12.882000	
14.640970	12.960000	
14.641580	13.037000	
14.642190	13.114000	
14.642930	13.190000	
14.643540	13.266000	
14.644150	13.341000	
14.644760	13.416000	
14.645360	13.491000	
14.645970	13.565000	
14.646840	13.639000	
14.648200	13.712000	
14.648800	13.785000	
14.788380	13.857000	
14.792970	13.930000	
14.793580	14.001000	
14.794830	14.073000	
14.798980	14.144000	
14.812060	14.215000	
15.087330	14.285000	
15.087940	14.355000	
15.088540	14.425000	
15.089150	14.494000	
15.089760	14.563000	
15.090370	14.632000	
15.090980	14.700000	
15.091580	14.768000	
15.092190	14.836000	
15.092800	14.903000	
15.093410	14.970000	
15.094020	15.037000	
15.094620	15.103000	
15.095230	15.170000	
15.240430	15.236000	
15.241040	15.301000	
15.241650	15.367000	
15.242260	15.432000	
15.242860	15.496000	
15.243470	15.561000	
15.244080	15.625000	
15.244690	15.689000	
15.245300	15.753000	
15.245900	15.816000	
15.246510	15.880000	
15.247120	15.943000	
15.247730	16.005000	
15.251810	16.068000	
15.260340	16.130000	
15.295190	16.192000	
15.417370	16.254000	
15.417980	16.315000	
15.418580	16.377000	
15.419190	16.438000	
15.419800	16.499000	
15.420410	16.559000	
15.421020	16.620000	
15.421620	16.680000	
15.422230	16.740000	
15.422840	16.799000	
15.423450	16.859000	
15.424060	16.918000	
15.424660	16.977000	
15.425270	17.036000	
15.425880	17.095000	
15.430220	17.153000	
15.666010	17.212000	
15.666620	17.270000	
15.667220	17.328000	
15.667830	17.385000	
15.668440	17.443000	
15.669050	17.500000	
15.669660	17.557000	
15.670260	17.614000	
16.070260	1.000000	
16.906770	2.000000	
16.907510	2.500000	
16.908770	2.900000	
16.909380	3.245000	
16.919480	3.553000	
16.920080	3.834000	
16.920690	4.095000	
16.921300	4.339000	
16.921910	4.570000	
16.922520	4.789000	
16.923770	4.998000	
16.924380	5.198000	
16.924990	5.390000	
16.925600	5.576000	
16.926200	5.755000	
16.926810	5.929000	
17.893390	6.097000	
17.904940	6.261000	
17.905550	6.421000	
17.906160	6.577000	
17.906770	6.729000	
17.948150	6.877000	
17.966600	7.023000	
17.967210	7.165000	
17.967930	7.305000	
17.977200	7.442000	
17.986500	7.576000	
18.004300	7.708000	
18.120590	7.838000	
18.121840	7.965000	
18.122450	8.091000	
18.123060	8.215000	
18.123670	8.336000	
18.124280	8.456000	
18.124880	8.574000	
18.405900	8.691000	
18.408310	8.806000	
18.408920	8.920000	
18.462530	9.032000	
18.463140	9.143000	
18.463750	9.252000	
18.464360	9.360000	
18.464960	9.467000	
18.465570	9.572000	
18.473260	9.677000	
18.491710	9.780000	
18.576780	9.883000	
18.577520	9.984000	
18.578270	10.084000	
18.578880	10.183000	
18.579480	10.281000	
18.580090	10.379000	
18.580700	10.475000	
18.581310	10.570000	
18.591300	10.665000	
18.638550	10.759000	
18.673940	10.852000	
18.675200	10.944000	
18.675810	11.035000	
18.676550	11.126000	
18.760260	11.216000	
18.760870	11.305000	
18.761480	11.393000	
18.762090	11.481000	
18.762700	11.568000	
18.763300	11.655000	
18.763910	11.740000	
18.764520	11.826000	
18.765130	11.910000	
18.887310	11.994000	
18.887920	12.078000	
18.888530	12.160000	
18.889140	12.243000	
18.889740	12.324000	
18.890350	12.405000	
18.890960	12.486000	
18.891570	12.566000	
18.892180	12.646000	
18.892780	12.725000	
18.893390	12.803000	
18.945920	12.881000	
18.946530	12.959000	
18.958110	13.036000	
18.967800	13.113000	
18.985740	13.189000	
19.004820	13.265000	
19.080400	13.340000	
19.081010	13.415000	
19.081620	13.490000	
19.082220	13.564000	
19.082830	13.638000	
19.083440	13.711000	
19.084050	13.784000	
19.084660	13.857000	
19.085260	13.929000	
19.085870	14.001000	
19.087380	14.072000	
19.096040	14.143000	
19.716040	1.000000	
