0.000000	1.000000	
5.041440	2.000000	
5.090390	3.000000	
5.098920	4.000000	
5.145020	5.000000	
5.147870	6.000000	
5.156400	7.000000	
5.164930	8.000000	
5.200430	9.000000	
5.257570	10.000000	
5.258180	11.000000	
5.258780	12.000000	
5.259390	13.000000	
5.260000	14.000000	
5.260610	15.000000	
5.261220	16.000000	
5.266080	17.000000	
5.275260	18.000000	
5.312980	19.000000	
5.322250	20.000000	
5.522250	1.000000	
5.622830	2.000000	
5.623440	3.000000	
5.624050	4.000000	
5.624660	5.000000	
5.625260	6.000000	
5.625870	7.000000	
5.626480	8.000000	
5.627090	9.000000	
5.627700	10.000000	
5.628300	10.100000	
5.628910	10.199000	
5.629520	10.297000	
5.630130	10.394000	
5.630740	10.490000	
5.631340	10.586000	
5.631950	10.680000	
5.632560	10.774000	
5.633170	10.867000	
5.633780	10.959000	
5.634380	11.050000	
6.034380	1.000000	
6.074980	2.000000	
6.075590	3.000000	
6.076200	4.000000	
6.076810	5.000000	
6.077420	5.200000	
6.078020	5.392000	
6.078630	5.578000	
6.079240	5.757000	
6.079850	5.931000	
6.080460	6.099000	
6.081060	6.263000	
6.081670	6.423000	
6.264140	6.579000	
6.264740	6.731000	
6.265350	6.879000	
6.265960	7.025000	
6.266570	7.167000	
6.267180	7.306000	
6.267780	7.443000	
6.270780	7.578000	
6.320110	7.710000	
6.357560	7.839000	
6.358170	7.967000	
6.358780	8.092000	
6.359380	8.216000	
6.359990	8.338000	
6.368290	8.458000	
6.377460	8.576000	
6.413990	8.693000	
6.423260	8.808000	
6.424520	8.921000	
6.434200	9.033000	
6.444630	9.144000	
6.510500	9.253000	
6.511100	9.361000	
6.511710	9.468000	
6.512320	9.574000	
6.512930	9.678000	
6.513540	9.782000	
6.514140	9.884000	
6.519820	9.985000	
6.528340	10.085000	
6.638270	10.184000	
6.638880	10.282000	
6.639490	10.380000	
6.640100	10.476000	
6.640700	10.572000	
6.641310	10.666000	
6.641920	10.760000	
6.642530	10.853000	
6.643140	10.945000	
6.643740	11.036000	
6.693030	11.127000	
6.778340	11.217000	
6.778950	11.306000	
6.779560	11.394000	
6.780170	11.482000	
6.780780	11.569000	
6.781380	11.656000	
6.781990	11.741000	
6.782600	11.827000	
6.783210	11.911000	
6.783820	11.995000	
6.784420	12.079000	
6.834260	12.161000	
6.844180	12.244000	
6.844790	12.325000	
6.855660	12.406000	
6.947530	12.487000	
6.948140	12.567000	
6.948740	12.647000	
6.949350	12.726000	
6.949960	12.804000	
6.950570	12.882000	
6.951180	12.960000	
6.951780	13.037000	
6.952390	13.114000	
6.953000	13.190000	
6.958900	13.266000	
6.967430	13.341000	
7.119970	13.416000	
7.120580	13.491000	
7.121180	13.565000	
7.121790	13.639000	
7.122400	13.712000	
7.123010	13.785000	
7.123620	13.857000	
7.124220	13.930000	
7.124830	14.001000	
7.125440	14.073000	
7.126050	14.144000	
7.126660	14.215000	
7.127260	14.285000	
7.174860	14.355000	
7.292770	14.425000	
7.293380	14.494000	
7.293980	14.563000	
7.294590	14.632000	
7.295200	14.700000	
7.295810	14.768000	
7.296420	14.836000	
7.297020	14.903000	
7.297630	14.970000	
7.298240	15.037000	
7.298850	15.103000	
7.299460	15.170000	
7.300060	15.236000	
7.300670	15.301000	
7.357350	15.367000	
7.359760	15.432000	
7.360370	15.496000	
7.374190	15.561000	
7.517060	15.625000	
7.517660	15.689000	
7.518270	15.753000	
7.518880	15.816000	
7.519490	15.880000	
7.520100	15.943000	
7.520700	16.005000	
7.521310	16.068000	
7.521920	16.130000	
7.522530	16.192000	
7.523140	16.254000	
7.523740	16.315000	
7.524350	16.377000	
7.524960	16.438000	
7.525570	16.499000	
7.589660	16.559000	
7.590400	16.620000	
7.591660	16.680000	
7.592260	16.740000	
7.602110	16.799000	
7.611380	16.859000	
7.629180	16.918000	
7.765530	16.977000	
7.766140	17.036000	
7.766740	17.095000	
7.767350	17.153000	
7.767960	17.212000	
7.768570	17.270000	
7.769180	17.328000	
7.769780	17.385000	
7.770390	17.443000	
7.771000	17.500000	
7.771610	17.557000	
7.772220	17.614000	
7.772820	17.671000	
7.773430	17.728000	
7.774040	17.784000	
7.774650	17.840000	
7.820290	17.896000	
7.963740	17.952000	
7.964340	18.008000	
7.964950	18.064000	
7.965560	18.119000	
7.966170	18.174000	
7.966780	18.229000	
7.967380	18.284000	
7.967990	18.339000	
7.968600	18.393000	
7.969210	18.448000	
7.969820	18.502000	
7.970420	18.556000	
7.971030	18.610000	
7.971640	18.664000	
7.972250	18.717000	
7.972860	18.771000	
7.973460	18.824000	
8.265960	18.877000	
8.266570	18.930000	
8.267180	18.983000	
8.267780	19.035000	
8.268390	19.088000	
8.269000	19.140000	
8.269610	19.193000	
8.270220	19.245000	
8.270820	19.297000	
8.271430	19.348000	
8.272040	19.400000	
8.272650	19.452000	
8.273260	19.503000	
8.273860	19.554000	
8.274470	19.606000	
8.275080	19.657000	
8.275690	19.707000	
8.276300	19.758000	
8.452160	19.809000	
8.452770	19.859000	
8.453380	19.910000	
8.453980	19.960000	
8.454590	20.010000	
8.455200	20.060000	
8.455810	20.110000	
8.456420	20.159000	
8.457020	20.209000	
8.457630	20.259000	
8.458240	20.308000	
8.458850	20.357000	
8.459460	20.406000	
8.460060	20.455000	
8.460670	20.504000	
8.461280	20.553000	
8.461890	20.602000	
8.463540	20.650000	
8.472060	20.699000	
8.667660	20.747000	
8.668270	20.795000	
8.668880	20.843000	
8.669490	20.891000	
8.670100	20.939000	
8.670700	20.987000	
8.671310	21.034000	
8.671920	21.082000	
8.672530	21.129000	
8.673140	21.177000	
8.673740	21.224000	
8.674350	21.271000	
8.674960	21.318000	
8.675570	21.365000	
8.676180	21.412000	
8.676780	21.458000	
8.677390	21.505000	
8.678000	21.552000	
8.678610	21.598000	
8.679220	21.644000	
8.724360	21.690000	
8.725140	21.737000	
8.964590	21.783000	
8.965200	21.829000	
8.965810	21.874000	
8.966420	21.920000	
8.967020	21.966000	
8.967630	22.011000	
8.968240	22.057000	
8.968850	22.102000	
8.969460	22.147000	
8.970060	22.192000	
8.970670	22.237000	
8.971280	22.282000	
8.971890	22.327000	
8.972500	22.372000	
8.973100	22.417000	
8.973710	22.461000	
8.974320	22.506000	
8.974930	22.550000	
8.975540	22.595000	
8.976140	22.639000	
9.019350	22.683000	
9.029780	22.727000	
9.030600	22.771000	
9.179390	22.815000	
9.180000	22.859000	
9.180610	22.903000	
9.181220	22.946000	
9.181820	22.990000	
9.182430	23.033000	
9.183040	23.077000	
9.183650	23.120000	
9.184260	23.163000	
9.184860	23.207000	
9.185470	23.250000	
9.186080	23.293000	
9.186690	23.336000	
9.187300	23.378000	
9.187900	23.421000	
9.188510	23.464000	
9.189120	23.507000	
9.669120	1.000000	
11.048950	2.000000	
11.108060	3.000000	
11.147480	4.000000	
11.257660	5.000000	
11.258270	5.200000	
11.258880	5.392000	
11.259490	5.578000	
11.322760	5.757000	
11.323370	5.931000	
11.323980	6.099000	
11.332200	6.263000	
11.342660	6.423000	
11.397680	6.579000	
11.398290	6.731000	
11.398900	6.879000	
11.399500	7.025000	
11.408410	7.167000	
11.417580	7.306000	
11.452710	7.443000	
11.462120	7.578000	
11.473700	7.710000	
11.474960	7.839000	
11.519910	7.967000	
11.520520	8.092000	
11.521260	8.216000	
11.521870	8.338000	
11.522480	8.458000	
11.537980	8.576000	
11.539820	8.693000	
11.614100	8.808000	
11.614710	8.921000	
11.615320	9.033000	
11.615930	9.144000	
11.616540	9.253000	
11.617140	9.361000	
11.621590	9.468000	
11.630260	9.574000	
11.669510	9.678000	
11.725520	9.782000	
11.726130	9.884000	
11.726740	9.985000	
11.727340	10.085000	
11.727950	10.184000	
11.728560	10.282000	
11.729170	10.380000	
11.736040	10.476000	
11.744570	10.572000	
11.780280	10.666000	
11.790200	10.760000	
11.799880	10.853000	
11.800620	10.945000	
11.809900	11.036000	
11.828340	11.127000	
11.899530	11.217000	
11.900140	11.306000	
11.900740	11.394000	
11.901350	11.482000	
11.901960	11.569000	
11.902570	11.656000	
11.903180	11.741000	
11.903780	11.827000	
11.904390	11.911000	
11.910900	11.995000	
11.919430	12.079000	
12.076370	12.161000	
12.076980	12.244000	
12.077580	12.325000	
12.078190	12.406000	
12.078800	12.487000	
12.079410	12.567000	
12.080020	12.647000	
12.080620	12.726000	
12.081230	12.804000	
12.081840	12.882000	
12.082450	12.960000	
12.083060	13.037000	
12.131130	13.114000	
12.149190	13.190000	
12.150450	13.266000	
12.151060	13.341000	
12.411060	1.000000	
13.127260	2.000000	
13.127860	2.500000	
13.128470	2.900000	
13.129080	3.245000	
13.129690	3.553000	
13.130430	3.834000	
13.131690	4.095000	
13.132430	4.339000	
13.133180	4.570000	
13.133780	4.789000	
13.134390	4.998000	
13.135000	5.198000	
13.135610	5.390000	
14.175610	1.000000	
14.578390	2.000000	
14.579000	2.500000	
14.579600	2.900000	
14.580210	3.245000	
14.580820	3.553000	
14.581430	3.834000	
14.582040	4.095000	
14.719080	4.339000	
14.719680	4.570000	
14.720290	4.789000	
14.721520	4.998000	
14.730320	5.198000	
14.990320	1.000000	
15.650270	2.000000	
15.650880	2.500000	
15.651490	2.900000	
15.652100	3.245000	
15.652700	3.553000	
15.836920	3.834000	
15.837520	4.095000	
15.839630	4.339000	
15.848160	4.570000	
15.856820	4.789000	
15.892160	4.998000	
15.895000	5.198000	
15.903530	5.390000	
15.912060	5.576000	
15.955450	5.755000	
15.956060	5.929000	
15.958160	6.097000	
15.966690	6.261000	
15.975360	6.421000	
16.028700	6.577000	
16.029310	6.729000	
16.029920	6.877000	
16.030520	7.023000	
16.039940	7.165000	
16.048600	7.305000	
16.084750	7.442000	
16.086180	7.576000	
16.150220	7.708000	
16.150820	7.838000	
16.151430	7.965000	
16.152040	8.091000	
16.152650	8.215000	
16.153260	8.336000	
16.154120	8.456000	
16.239500	8.574000	
16.240110	8.691000	
16.240720	8.806000	
16.241330	8.920000	
16.241940	9.032000	
16.242540	9.143000	
16.250740	9.252000	
16.259410	9.360000	
16.294260	9.467000	
16.312200	9.572000	
16.378950	9.677000	
16.379560	9.780000	
16.380170	9.883000	
16.380780	9.984000	
16.381380	10.084000	
16.381990	10.183000	
16.382600	10.281000	
16.383210	10.379000	
16.383820	10.475000	
16.489830	10.570000	
16.490440	10.665000	
16.491050	10.759000	
16.491660	10.852000	
16.492260	10.944000	
16.492870	11.035000	
16.493480	11.126000	
16.494090	11.216000	
16.498340	11.305000	
16.507010	11.393000	
16.544590	11.481000	
16.553860	11.568000	
16.573090	11.655000	
16.574980	11.740000	
16.575590	11.826000	
16.588390	11.910000	
16.678550	11.994000	
16.679160	12.078000	
16.679770	12.160000	
16.680380	12.243000	
16.680980	12.324000	
16.681590	12.405000	
16.682200	12.486000	
16.682810	12.566000	
16.683420	12.646000	
16.684020	12.725000	
16.689070	12.803000	
16.805770	12.881000	
16.806380	12.959000	
16.806980	13.036000	
16.807590	13.113000	
16.808200	13.189000	
16.808810	13.265000	
16.809420	13.340000	
16.810020	13.415000	
16.810630	13.490000	
16.811240	13.564000	
16.815260	13.638000	
16.823790	13.711000	
16.860530	13.784000	
16.869800	13.857000	
16.879070	13.929000	
17.133210	14.001000	
17.133820	14.072000	
17.134430	14.143000	
17.135040	14.214000	
17.135640	14.284000	
17.136250	14.354000	
17.288500	14.424000	
17.289100	14.493000	
17.289710	14.562000	
17.290320	14.631000	
17.290930	14.699000	
17.291540	14.767000	
17.292140	14.835000	
17.292750	14.902000	
17.293360	14.969000	
17.293970	15.036000	
17.294580	15.103000	
17.295180	15.169000	
17.295790	15.235000	
17.296400	15.300000	
17.343260	15.366000	
17.449200	15.431000	
17.449810	15.496000	
17.450420	15.560000	
17.451020	15.624000	
17.451630	15.688000	
17.452240	15.752000	
17.452850	15.816000	
17.453460	15.879000	
17.454060	15.942000	
17.454670	16.005000	
17.455280	16.067000	
17.455890	16.129000	
17.456500	16.191000	
17.460580	16.253000	
17.469100	16.315000	
17.625360	16.376000	
17.625970	16.437000	
17.626580	16.498000	
17.627180	16.558000	
17.627790	16.619000	
17.628400	16.679000	
17.629010	16.739000	
17.629620	16.799000	
17.630220	16.858000	
17.630830	16.918000	
17.631440	16.977000	
17.632050	17.036000	
17.632660	17.094000	
17.633260	17.153000	
17.633870	17.211000	
17.634480	17.269000	
17.680120	17.327000	
17.689530	17.385000	
17.699210	17.442000	
17.708480	17.500000	
17.718400	17.557000	
17.719660	17.614000	
17.729850	17.671000	
18.023800	17.727000	
18.024410	17.784000	
18.025660	17.840000	
18.026270	17.896000	
18.027020	17.952000	
18.027620	18.007000	
18.028230	18.063000	
18.028840	18.118000	
18.029450	18.173000	
18.030060	18.229000	
18.030660	18.283000	
18.031270	18.338000	
18.032020	18.393000	
18.032760	18.447000	
18.033500	18.501000	
18.034110	18.555000	
18.034720	18.609000	
18.098990	18.663000	
18.117340	18.716000	
18.118080	18.770000	
18.119980	18.823000	
18.128450	18.876000	
18.137720	18.929000	
18.157500	18.982000	
18.167280	19.035000	
18.178120	19.087000	
18.187800	19.140000	
18.197250	19.192000	
18.215050	19.244000	
18.479390	19.296000	
18.480000	19.348000	
18.480610	19.400000	
18.481220	19.451000	
18.481820	19.502000	
18.767170	19.554000	
18.767780	19.605000	
18.768380	19.656000	
18.768990	19.707000	
18.769600	19.758000	
18.770210	19.808000	
18.770820	19.859000	
18.771420	19.909000	
18.773320	19.959000	
18.774580	20.009000	
18.775180	20.059000	
18.775790	20.109000	
18.776400	20.159000	
18.777010	20.208000	
18.777620	20.258000	
18.778870	20.307000	
18.779480	20.357000	
19.194140	20.406000	
19.203410	20.455000	
19.212680	20.504000	
19.223120	20.552000	
19.224370	20.601000	
19.236240	20.650000	
19.395940	20.698000	
19.396550	20.746000	
19.397160	20.794000	
19.397760	20.843000	
19.398370	20.891000	
19.398980	20.938000	
19.399590	20.986000	
19.400200	21.034000	
19.400800	21.081000	
19.401410	21.129000	
19.402020	21.176000	
19.402630	21.223000	
19.403240	21.270000	
19.403840	21.317000	
19.404450	21.364000	
19.405060	21.411000	
19.405670	21.458000	
19.406280	21.505000	
19.407320	21.551000	
19.415840	21.597000	
19.450840	21.644000	
19.460110	21.690000	
19.469380	21.736000	
19.478790	21.782000	
19.506440	21.828000	
19.507690	21.874000	
19.508950	21.919000	
19.509560	21.965000	
19.519650	22.011000	
19.677600	22.056000	
19.678200	22.101000	
19.678810	22.147000	
19.679420	22.192000	
19.680030	22.237000	
19.680640	22.282000	
19.681240	22.327000	
19.681850	22.371000	
19.682460	22.416000	
19.683070	22.461000	
19.683680	22.505000	
19.684280	22.550000	
19.684890	22.594000	
19.685500	22.638000	
19.686110	22.683000	
19.686720	22.727000	
19.687320	22.771000	
19.687930	22.815000	
19.688790	22.858000	
19.697320	22.902000	
19.877280	22.946000	
19.877880	22.989000	
19.878490	23.033000	
19.879100	23.076000	
19.879710	23.120000	
19.880320	23.163000	
19.880920	23.206000	
19.881530	23.249000	
19.882140	23.292000	
19.882750	23.335000	
19.883360	23.378000	
19.883960	23.421000	
19.884570	23.463000	
19.885180	23.506000	
19.885790	23.549000	
19.886400	23.591000	
19.887000	23.633000	
19.887610	23.676000	
19.888220	23.718000	
19.892230	23.760000	
19.967720	23.802000	
19.969100	23.844000	
19.969710	23.886000	
19.970320	23.928000	
19.970920	23.970000	
19.971530	24.012000	
19.980800	24.053000	
20.149160	24.095000	
20.149770	24.136000	
20.150380	24.178000	
20.150990	24.219000	
20.151600	24.260000	
20.152200	24.302000	
20.152810	24.343000	
20.153420	24.384000	
20.154030	24.425000	
20.154640	24.466000	
20.155240	24.507000	
20.155850	24.547000	
20.156460	24.588000	
20.157070	24.629000	
20.157680	24.669000	
20.158280	24.710000	
20.158890	24.750000	
20.159500	24.791000	
20.160110	24.831000	
20.160720	24.871000	
20.850720	1.000000	
